0.0718
0.3615
0.8040
0.1880
-0.3960
-0.7588
0.2269
1.2351
1.7691
0.3984
0.4359
-0.4615
0.8039
0.1321
-0.4390
0.2058
0.5716
1.5262
1.0756
-0.7135
0.3581
0.9873
1.1149
0.5955
1.3680
-1.6083
0.1069
-0.5127
-0.7571
-1.1638
-1.1719
-0.7876
1.5351
-0.2252
-0.0711
-1.4999
-1.0977
-1.7019
0.3415
-3.2829
0.0838
-0.1937
-1.1977
0.3552
2.0379
0.0538
0.8221
0.2938
-1.7764
0.2203
1.5961
1.2413
-0.5889
0.1893
-0.8512
0.3873
0.1234
-0.5930
0.2637
-1.1122
0.0390
0.2307
0.3021
0.9996
0.5682
1.1139
1.2772
-1.3291
0.8222
-0.4869
-0.3050
0.8942
-1.5506
-1.4717
-0.7459
-0.1724
0.3822
-0.9297
-0.9188
0.0904
-0.3238
-0.2437
-0.4769
-1.9918
-0.2925
2.2562
0.4472
0.0115
1.4010
-1.0854
0.4255
0.6391
0.3507
-0.7725
1.0653
-1.9595
0.0537
0.1431
-0.5069
1.6860
0.3885
-0.1178
-0.9840
1.7979
0.4234
-2.3595
-0.5189
-1.1554
-0.8028
1.4224
0.4110
-0.4762
1.0262
-0.1634
-0.1310
2.0443
1.8784
0.3525
0.8738
0.0327
0.9180
0.9874
0.4874
0.8126
1.0890
1.0342
-0.4148
0.0660
-0.0398
0.7169
0.9701
0.5646
1.6435
2.0619
-0.4760
-0.1642
-0.8105
-1.0888
1.6703
0.1766
0.7061
0.0880
-1.2955
-2.1708
-1.0861
-0.6546
-1.0588
1.3757
-0.1715
0.0057
-0.5224
0.8991
-0.7516
-0.1667
-0.6094
1.0605
0.1061
1.1129
1.1312
0.0198
0.1010
-0.2055
-0.7388
-0.4207
-1.3837
-0.1155
1.1800
1.2083
0.5018
-0.1417
-1.2280
0.7240
0.1222
-0.3539
-0.2199
0.0936
-0.2759
1.4531
2.3788
0.1821
0.5320
1.7811
-0.4180
-1.3892
-1.0498
-0.5644
0.0394
-0.0134
0.2136
-0.4845
0.1008
-0.5902
0.5649
0.1254
0.6219
-1.8226
0.1985
1.0573
-0.7514
0.5036
1.2526
1.5493
0.6566
-0.3392
1.0967
0.1385
1.1217
1.0106
0.4836
-0.8786
2.8582
0.3352
-1.8991
1.6263
-0.3468
-1.8499
1.4098
-0.9616
-0.8037
0.2627
-2.2829
-1.8917
0.0004
1.2084
0.8813
1.2920
-0.1002
1.0874
0.0379
-0.5985
1.4532
-1.0169
1.1691
-0.5765
1.3170
-1.6819
-0.6597
-0.2595
-0.6640
-0.4490
0.5531
-0.1715
0.9934
0.5434
0.0111
-0.3305
-0.5020
-0.2457
-2.0259
-1.2199
-0.4978
1.3811
-0.1488
-1.3614
1.4879
0.6062
0.6852
1.0991
1.5224
0.3221
0.3157
2.8601
-0.7889
0.7010
0.5610
0.3859
1.2708
0.1741
0.2976
-0.1005
0.6629
0.6083
-0.1513
-0.0654
0.9274
-1.0880
-0.3322
-0.8535
-0.4042
-0.0515
-0.8006
0.2144
0.2497
-1.5450
-1.4378
1.2742
-0.4057
0.5743
-0.4820
1.2792
0.1180
-0.4944
-1.0927
-0.4290
1.5134
0.8684
-1.2941
0.6216
-2.0029
0.6941
2.0910
0.1633
0.5782
0.1476
0.2012
0.9551
-0.3661
-0.9820
1.0587
-1.1750
0.9120
-0.9734
0.5004
1.2262
-0.3103
1.0552
-0.4553
-1.3075
-1.0673
-1.8022
-0.6294
0.5307
1.0397
0.0086
-0.0856
-0.6373
-0.5356
0.9167
-2.6832
0.0158
-1.5204
-0.9426
0.1272
-0.0369
-1.5385
-1.0643
1.1002
1.3857
-0.4377
0.5131
0.1825
-0.9212
1.2481
-1.0083
-1.4232
0.4393
2.1907
-0.7806
0.8033
0.4525
-1.9406
2.3224
-0.1403
-1.3047
-0.1180
-1.0109
-0.4742
0.1290
1.2557
1.4813
0.9032
-1.3778
1.1337
-1.6424
0.9339
0.7235
-0.3203
-1.5280
0.5125
-0.7253
-0.8269
-1.5474
0.7422
0.4393
0.2272
-1.1241
-1.0071
0.3350
-1.0644
-0.1107
-0.9625
-0.2930
0.6209
0.3267
0.2320
0.7616
0.2587
0.5187
0.5904
0.3035
1.3032
-1.2987
1.9748
-0.9939
-0.0298
-0.7374
0.2159
-0.8060
0.2302
0.6084
-0.2457
-0.1613
-0.3316
-1.1005
0.4652
0.7170
-0.1568
-0.0505
0.1158
-0.6176
-0.3586
-1.1123
-0.9588
1.3162
-1.3198
0.8765
-0.1766
1.3785
-1.8171
-1.9646
-1.5291
0.0839
0.3129
-0.8728
0.4709
-0.0019
0.8649
1.0156
0.5502
0.4977
0.5521
0.5743
-0.3687
0.2967
0.1705
1.5513
-0.3193
0.3533
-0.3379
-0.5314
1.1914
-1.5459
0.1419
-0.5255
-1.5393
-0.3862
-0.8818
-0.4173
2.5914
0.7269
-0.1528
-0.6660
0.0291
-0.8750
-0.7398
1.9478
0.8109
-0.6144
-1.1019
0.8220
0.2924
0.1204
0.5428
0.2246
-0.1392
-0.4896
-0.4653
0.6011
1.7361
2.0989
0.5196
-0.2316
1.2597
-0.6375
0.3233
1.0052
0.9309
-0.3244
-1.1580
-1.1526
0.3461
-0.2324
-0.7593
-0.9908
0.9871
-0.1148
-0.4148
1.2939
-1.3756
0.4193
-1.1316
0.3136
0.6730
0.6278
1.4623
-0.9971
1.1229
0.7775
0.7893
-0.8175
0.7045
-0.1976
-1.9450
0.5209
0.3455
-0.3916
-0.1920
-1.4770
-0.0278
-0.0653
-1.5925
0.5543
-0.2167
0.2165
-0.4306
0.5587
-0.2142
-0.3514
-0.6871
-0.1144
-1.6547
-1.5007
0.4469
-1.1571
-0.2728
-1.2018
-1.0208
-0.4613
0.1511
-1.1003
0.3738
-0.6737
0.4498
0.2903
-0.5670
0.8632
1.5707
1.1025
1.9474
0.1201
1.0052
-1.2262
0.9094
-0.4086
-0.0445
-0.0340
-0.4354
0.8917
-0.3363
0.3651
1.6148
1.0508
0.1729
-0.9724
0.2324
-0.3110
0.5275
0.2118
-0.4689
-0.8301
0.6137
0.1666
0.2934
-1.6259
0.2271
0.2809
-0.0135
-0.5132
0.8544
-0.0743
-0.7724
0.0272
0.5281
1.2066
0.6256
0.4022
0.8490
-0.8841
-0.8771
-0.0404
-1.7742
-0.4827
-0.9428
-0.9204
-0.0721
-0.3162
0.3815
-0.2579
0.5520
-0.2954
-1.5930
0.3482
-0.7325
-2.7076
0.7660
-0.0884
0.3051
-0.8794
-0.3012
0.6176
-1.3721
-0.2524
0.6852
0.4355
-0.1487
1.3089
0.1082
-0.3209
-0.6070
-0.4435
-0.2679
-0.8815
-0.8046
0.7341
-0.0336
1.5167
1.0646
-0.1069
0.7650
1.1772
0.2947
0.0213
2.4153
-1.5696
-0.4559
0.1649
0.5721
-0.0573
-0.5159
-1.8249
-0.0859
-1.0712
-1.8716
0.3367
0.1264
1.1234
0.8344
0.7575
-0.3349
-0.3179
-0.0071
1.2673
0.1024
-0.1474
-0.7760
-0.3811
-2.7792
-0.1570
-0.1832
0.3674
1.5881
0.6486
-0.0011
0.7893
1.0022
-0.6383
0.6182
0.6184
1.2468
0.8168
-0.8668
1.6050
-0.4371
-1.7145
-1.3581
0.9498
-0.5809
-0.8952
-1.4220
0.4162
0.0181
-1.7201
0.4683
-0.4748
0.6660
0.1616
1.3264
0.5720
-0.1156
0.2467
1.2260
-0.0071
0.3543
0.0719
2.2380
-1.0464
-1.4561
-0.4055
1.3908
-0.6413
-1.1571
-1.5092
-1.3606
-0.6921
0.5449
0.7011
-0.8460
-0.3005
-0.7903
-0.5897
1.1474
-0.4291
0.4918
0.1140
-0.0992
0.7304
0.3431
0.9027
-0.1806
0.8768
0.9292
1.9408
-0.3389
-0.0815
1.5487
-0.3207
-0.9418
-1.1016
1.2484
-1.4083
-0.6596
-0.4592
1.8828
0.3079
-1.2757
0.6706
-2.0405
-0.9495
0.9599
-0.7284
-0.2605
-0.1278
0.6539
1.0748
-1.0840
1.5647
-1.0804
-1.2520
0.4167
-0.1789
0.1535
0.8502
-1.1090
-0.4336
0.7524
0.1403
1.0867
-0.2925
0.7949
-0.5341
0.4026
-1.0328
-0.0359
-1.1379
-0.4924
-0.7106
-0.9876
1.5995
0.4431
0.6583
1.7639
1.4814
0.0861
1.3415
0.1797
-0.2621
-0.5054
0.3219
-1.2326
-0.6238
-0.8553
-1.8167
0.1357
0.0791
-0.6889
1.6401
0.7423
-1.0607
1.3063
-1.5830
-1.1924
-0.6617
2.7846
-0.3873
-0.7880
-1.6366
0.1232
0.6524
-0.1804
-0.8287
-0.4081
0.9861
-0.0826
-0.1970
0.7036
-0.0497
-0.6163
1.5796
0.3760
-0.1911
-0.3525
-0.7729
0.4106
-0.3321
0.5783
0.2631
0.3679
0.4786
-2.0625
-0.4715
-0.5962
1.0358
1.3413
-1.4798
0.5325
1.4850
0.6314
0.2025
0.1013
1.4060
0.9259
0.2724
-1.8965
0.1111
1.7385
0.3331
0.4370
3.1221
0.9851
-2.1142
0.2211
0.6691
1.5461
-1.1009
0.1746
-1.4966
1.2811
-0.8967
0.8314
1.7594
-0.7642
1.0717
-0.6538
-0.1814
-0.2699
1.2537
-1.7465
1.1681
0.0428
0.6386
-1.2991
-0.2880
-0.7969
-0.5547
0.0906
0.0279
1.5287
0.3508
-0.2563
1.1317
-1.6375
0.9262
-0.5315
2.3514
1.4692
-0.1175
-1.5931
1.9716
-1.0793
0.2404
-0.5402
-0.0117
-1.5593
-0.6137
-1.2510
0.7557
1.2913
-1.0605
-1.1257
-2.2500
1.0560
0.1576
0.8284
0.3155
1.2509
0.9458
1.0944
1.1816
0.6631
1.8193
2.0121
-0.3584
1.1972
-1.7330
-1.2861
-1.3793
0.6884
0.4335
-0.7976
1.2167
-1.2915
-0.8038
-1.0299
-1.1094
0.0469
0.0021
-0.6483
0.2094
0.9984
-1.0078
-0.2360
2.1874
-0.1520
-1.3310
1.5469
-0.0006
0.1523
0.3222
0.3102
-1.2262
0.0400
1.1771
-0.0106
-0.2107
0.7263
-0.7944
0.1084
-0.6815
-0.6838
1.5178
0.2673
0.2239
-0.3222
-0.1539
-0.1177
-0.1797
-0.9181
-0.2538
-0.5290
-2.2559
-0.9219
-0.8404
1.3368
-0.2313
0.3415
-0.2930
-0.1737
-1.5180
-0.6087
0.4452
1.0234
-1.6526
-1.1951
-0.8049
1.0652
1.5550
-0.0933
0.5496
-1.0781
-0.4994
0.1493
-0.6267
-0.0996
-1.5205
-1.2773
1.8984
-0.1080
-1.3438
0.7211
-0.9551
0.0178
0.7137
-0.9151
-0.4927
2.5065
-0.7624
0.5165
1.5217
0.3886
0.7948
-2.3264
1.5097
-0.0932
1.1450
0.4818
-1.2357
-0.0727
-1.4602
-0.7974
0.3331
-0.5203
-0.9011
0.1651
-0.1985
-0.1528
-1.7000
0.9248
-1.1959
0.0482
0.0793